2033544    0.000   -0.000   -0.000    -0.074    0.814    0.571  -1468.927   -2.152    0.114
2033550    0.021   -0.038   -0.008    -0.076    0.808    0.563  -1468.927   -2.152    0.114
2033564    0.067   -0.129   -0.023    -0.075    0.816    0.560  -1468.927   -2.152    0.114
2033584    0.138   -0.262   -0.045    -0.074    0.820    0.573  -1468.926   -2.154    0.120
2033604    0.214   -0.414   -0.068    -0.078    0.821    0.560  -1468.926   -2.154    0.120
2033624    0.297   -0.583   -0.089    -0.085    0.811    0.564  -1468.926   -2.154    0.120
2033644    0.382   -0.744   -0.115    -0.079    0.809    0.557  -1468.926   -2.154    0.120
2033664    0.473   -0.913   -0.121    -0.079    0.803    0.556  -1468.926   -2.154    0.120
2033684    0.583   -1.087   -0.151    -0.080    0.816    0.558  -1468.927   -2.160    0.142
2033704    0.677   -1.264   -0.180    -0.078    0.815    0.617  -1468.927   -2.160    0.142
2033724    0.779   -1.448   -0.214    -0.072    0.811    0.504  -1468.927   -2.160    0.142
2033744    0.878   -1.615   -0.245    -0.069    0.804    0.557  -1468.927   -2.160    0.142
2033764    0.990   -1.829   -0.267    -0.074    0.810    0.552  -1468.927   -2.160    0.142
2033784    1.107   -2.030   -0.301    -0.077    0.818    0.558  -1468.928   -2.155    0.108
2033804    1.230   -2.234   -0.320    -0.072    0.813    0.552  -1468.928   -2.155    0.108
2033824    1.351   -2.445   -0.354    -0.068    0.810    0.575  -1468.928   -2.155    0.108
2033844    1.482   -2.667   -0.374    -0.074    0.800    0.576  -1468.928   -2.155    0.108
2033864    1.618   -2.895   -0.396    -0.076    0.803    0.572  -1468.928   -2.155    0.108
2033884    1.747   -3.126   -0.421    -0.071    0.815    0.561  -1468.929   -2.168    0.128
2033904    1.890   -3.391   -0.461    -0.086    0.818    0.557  -1468.929   -2.168    0.128
2033924    2.041   -3.651   -0.494    -0.073    0.814    0.545  -1468.929   -2.168    0.128
2033944    2.202   -3.949   -0.549    -0.074    0.804    0.548  -1468.929   -2.168    0.128
2033964    2.373   -4.244   -0.570    -0.076    0.808    0.508  -1468.929   -2.168    0.128
2033984    2.549   -4.565   -0.619    -0.080    0.816    0.563  -1468.928   -2.163    0.117
2034004    2.738   -4.896   -0.664    -0.081    0.802    0.573  -1468.928   -2.163    0.117
2034024    2.918   -5.234   -0.703    -0.072    0.806    0.544  -1468.928   -2.163    0.117
2034044    3.102   -5.589   -0.747    -0.077    0.751    0.557  -1468.928   -2.163    0.117
2034064    3.300   -5.943   -0.797    -0.076    0.815    0.571  -1468.928   -2.163    0.117
2034084    3.505   -6.316   -0.843    -0.081    0.809    0.543  -1468.927   -2.166    0.143
2034104    3.701   -6.717   -0.898    -0.078    0.814    0.567  -1468.927   -2.166    0.143
2034124    3.913   -7.127   -0.949    -0.079    0.819    0.564  -1468.927   -2.166    0.143
2034144    4.126   -7.540   -0.985    -0.072    0.798    0.561  -1468.927   -2.166    0.143
2034164    4.365   -7.951   -1.047    -0.064    0.803    0.541  -1468.927   -2.166    0.143
2034184    4.600   -8.380   -1.093    -0.070    0.799    0.508  -1468.928   -2.170    0.126
2034204    4.847   -8.846   -1.141    -0.075    0.809    0.549  -1468.928   -2.170    0.126
2034224    5.125   -9.338   -1.195    -0.072    0.805    0.502  -1468.928   -2.170    0.126
2034244    5.402   -9.859   -1.263    -0.071    0.813    0.544  -1468.928   -2.170    0.126
2034264    5.702  -10.372   -1.341    -0.077    0.811    0.559  -1468.928   -2.170    0.126
2034284    5.993  -10.895   -1.067    -0.073    0.752    0.567  -1468.928   -2.161    0.125
2034304    6.295  -11.458   -1.144    -0.075    0.803    0.537  -1468.928   -2.161    0.125
2034324    6.620  -12.057   -1.235    -0.080    0.798    0.568  -1468.928   -2.161    0.125
2034344    6.958  -12.654   -1.326    -0.073    0.810    0.539  -1468.928   -2.161    0.125
2034364    7.322  -13.277   -1.445    -0.077    0.812    0.550  -1468.928   -2.173    0.138
2034384    7.674  -13.926   -1.565    -0.073    0.813    0.568  -1468.927   -2.173    0.138
2034404    8.049  -14.590   -1.667    -0.075    0.812    0.556  -1468.927   -2.173    0.138
2034424    8.471  -15.284   -1.783    -0.073    0.813    0.561  -1468.927   -2.173    0.138
2034444    8.909  -16.014   -1.921    -0.076    0.818    0.546  -1468.927   -2.173    0.138
2034464    9.359  -16.736   -2.040    -0.075    0.811    0.539  -1468.930   -2.165    0.116
2034484    9.828  -17.508   -2.185    -0.074    0.801    0.554  -1468.930   -2.165    0.116
2034504   10.317  -18.327   -2.356    -0.079    0.806    0.556  -1468.930   -2.165    0.116
2034524   10.819  -19.148   -2.558    -0.072    0.809    0.554  -1468.930   -2.165    0.116
2034544   11.350  -20.007   -3.116    -0.067    0.809    0.557  -1468.930   -2.165    0.116
2034564   11.918  -20.890   -3.326    -0.077    0.814    0.554  -1468.929   -2.153    0.128
2034584   12.497  -21.818   -3.542    -0.078    0.817    0.561  -1468.929   -2.153    0.128
2034604   13.105  -22.775   -3.773    -0.086    0.814    0.573  -1468.929   -2.153    0.128
2034624   13.738  -23.746   -4.023    -0.078    0.812    0.565  -1468.929   -2.153    0.128
2034644   14.398  -24.757   -4.311    -0.073    0.810    0.561  -1468.929   -2.153    0.128
2034664   15.102  -25.796   -4.610    -0.078    0.813    0.564  -1468.927   -2.163    0.136
2034684   15.848  -26.867   -4.944    -0.073    0.812    0.550  -1468.927   -2.163    0.136
2034704   16.650  -27.966   -5.321    -0.074    0.813    0.511  -1468.927   -2.163    0.136
2034724   17.525  -29.078   -5.730    -0.073    0.815    0.502  -1468.927   -2.163    0.136
2034744   18.449  -30.229   -6.163    -0.075    0.815    0.504  -1468.927   -2.163    0.136
2034764   19.384  -31.419   -6.641    -0.074    0.808    0.554  -1468.928   -2.178    0.123
2034784   20.375  -32.632   -7.163    -0.075    0.870    0.561  -1468.928   -2.178    0.123
2034804   21.410  -33.883   -7.730    -0.079    0.808    0.549  -1468.928   -2.178    0.123
2034824   22.504  -35.166   -8.358    -0.082    0.819    0.563  -1468.928   -2.178    0.123
2034844   23.652  -36.488   -9.037    -0.083    0.809    0.567  -1468.928   -2.178    0.123
2034864   24.877  -37.817   -9.773    -0.080    0.811    0.561  -1468.929   -2.168    0.133
2034884   26.195  -39.156  -10.571    -0.074    0.825    0.543  -1468.929   -2.168    0.133
2034904   27.599  -40.526  -11.430    -0.082    0.816    0.556  -1468.929   -2.168    0.133
2034924   29.095  -41.926  -12.404    -0.079    0.818    0.555  -1468.929   -2.168    0.133
2034944   30.735  -43.331  -13.509    -0.085    0.810    0.506  -1468.929   -2.168    0.133
2034964   32.445  -44.767  -14.700    -0.080    0.812    0.548  -1468.927   -2.171    0.130
2034984   34.282  -46.212  -16.038    -0.074    0.815    0.560  -1468.927   -2.171    0.130
2035004   36.240  -47.639  -17.465    -0.071    0.810    0.557  -1468.927   -2.171    0.130
2035024   38.351  -49.092  -19.054    -0.088    0.756    0.552  -1468.927   -2.171    0.130
2035044   40.651  -50.503  -20.797    -0.085    0.813    0.549  -1468.927   -2.171    0.130
2035064   43.116  -51.882  -22.702    -0.082    0.814    0.562  -1468.929   -2.175    0.136
2035084   45.808  -53.209  -24.803    -0.078    0.827    0.535  -1468.929   -2.175    0.136
2035104   48.714  -54.513  -27.135    -0.072    0.812    0.548  -1468.929   -2.175    0.136
2035124   51.809  -55.761  -29.647    -0.084    0.806    0.560  -1468.929   -2.175    0.136
2035144   55.150  -56.946  -32.432    -0.073    0.803    0.557  -1468.929   -2.175    0.136
2035164   58.746  -58.037  -35.446    -0.069    0.800    0.545  -1468.928   -2.155    0.129
2035184   62.577  -59.033  -38.700    -0.071    0.809    0.563  -1468.928   -2.155    0.129
2035204   66.683  -59.924  -42.223    -0.080    0.810    0.552  -1468.928   -2.155    0.129
2035224   71.027  -60.681  -45.984    -0.077    0.814    0.557  -1468.928   -2.155    0.129
2035244   75.571  -61.294  -49.938    -0.083    0.807    0.553  -1468.928   -2.155    0.129
2035264   80.260  -61.744  -54.030    -0.079    0.815    0.549  -1468.929   -2.165    0.125
2035284   85.098  -62.035  -58.255    -0.076    0.806    0.551  -1468.929   -2.165    0.125
2035304   89.954  -62.152  -62.540    -0.076    0.805    0.557  -1468.929   -2.165    0.125
2035324   94.821  -62.096  -66.812    -0.081    0.809    0.544  -1468.929   -2.165    0.125
2035344   99.641  -61.892  -71.078    -0.076    0.813    0.577  -1468.929   -2.165    0.125
2035364  104.387  -61.520  -75.252    -0.084    0.813    0.564  -1468.927   -2.161    0.145
2035384  108.989  -60.978  -79.268    -0.084    0.820    0.558  -1468.927   -2.161    0.145
2035404  113.315  -60.280  -82.977    -0.073    0.816    0.535  -1468.927   -2.161    0.145
2035424  117.420  -59.482  -86.507    -0.077    0.814    0.557  -1468.927   -2.161    0.145
2035444  121.278  -58.571  -89.769    -0.084    0.816    0.542  -1468.927   -2.161    0.145
2035464  124.895  -57.565  -92.815    -0.076    0.809    0.547  -1468.927   -2.161    0.126
2035484  128.310  -56.474  -95.703    -0.071    0.808    0.571  -1468.927   -2.161    0.126
2035504  131.426  -55.332  -98.284    -0.069    0.806    0.561  -1468.927   -2.161    0.126
2035524  134.287  -54.136 -100.610    -0.074    0.807    0.555  -1468.927   -2.161    0.126
2035544  136.965  -52.888 -103.077    -0.076    0.815    0.547  -1468.927   -2.161    0.126
2035564  139.418  -51.601 -104.611    -0.067    0.819    0.542  -1468.927   -2.159    0.120
2035584  141.717  -50.300 -106.375    -0.072    0.808    0.558  -1468.927   -2.159    0.120
2035604  143.828  -49.001 -107.950    -0.075    0.809    0.553  -1468.927   -2.159    0.120
2035624  145.812  -47.685 -109.415    -0.073    0.802    0.549  -1468.927   -2.159    0.120
2035644  147.663  -46.368 -110.782    -0.067    0.809    0.572  -1468.927   -2.159    0.120
2035664  149.386  -45.062 -111.982    -0.074    0.809    0.546  -1468.927   -2.166    0.113
2035684  150.988  -43.779 -113.097    -0.081    0.819    0.569  -1468.927   -2.166    0.113
2035704  152.468  -42.482 -114.066    -0.067    0.816    0.543  -1468.927   -2.166    0.113
2035724  153.852  -41.203 -114.963    -0.066    0.808    0.553  -1468.927   -2.166    0.113
2035744  155.131  -39.943 -115.758    -0.069    0.821    0.552  -1468.927   -2.166    0.113
2035764  156.339  -38.723 -116.501    -0.072    0.809    0.554  -1468.928   -2.158    0.136
2035784  157.485  -37.544 -117.234    -0.076    0.808    0.578  -1468.928   -2.158    0.136
2035804  158.563  -36.368 -117.910    -0.066    0.804    0.576  -1468.928   -2.158    0.136
2035824  159.563  -35.215 -118.496    -0.067    0.808    0.561  -1468.928   -2.158    0.136
2035844  160.507  -34.086 -119.048    -0.066    0.813    0.572  -1468.928   -2.158    0.136
2035864  161.402  -33.004 -119.514    -0.072    0.807    0.552  -1468.928   -2.145    0.124
2035884  162.239  -31.981 -119.928    -0.084    0.815    0.551  -1468.928   -2.145    0.124
2035904  163.036  -30.947 -120.311    -0.063    0.812    0.556  -1468.928   -2.145    0.124
2035924  163.809  -29.951 -120.674    -0.070    0.816    0.559  -1468.928   -2.145    0.124
2035944  164.520  -28.981 -121.024    -0.072    0.810    0.565  -1468.928   -2.145    0.124
2035964  165.228  -28.075 -121.459    -0.078    0.801    0.614  -1468.928   -2.164    0.128
2035984  165.845  -27.191 -121.646    -0.078    0.805    0.504  -1468.928   -2.164    0.128
2036004  166.472  -26.324 -121.936    -0.077    0.808    0.551  -1468.928   -2.164    0.128
2036024  167.042  -25.500 -122.186    -0.080    0.813    0.560  -1468.928   -2.164    0.128
2036044  167.599  -24.699 -122.037    -0.078    0.815    0.545  -1468.928   -2.164    0.128
2036064  168.130  -23.941 -122.588    -0.089    0.817    0.546  -1468.928   -2.165    0.126
2036084  168.632  -23.165 -122.769    -0.069    0.810    0.549  -1468.928   -2.165    0.126
2036104  169.103  -22.439 -122.959    -0.076    0.812    0.570  -1468.928   -2.165    0.126
2036124  169.553  -21.764 -123.124    -0.083    0.808    0.569  -1468.928   -2.165    0.126
2036144  169.975  -21.109 -123.251    -0.077    0.800    0.549  -1468.928   -2.165    0.126
2036164  170.402  -20.458 -123.417    -0.071    0.810    0.570  -1468.926   -2.163    0.118
2036184  170.814  -19.825 -123.535    -0.072    0.813    0.544  -1468.926   -2.163    0.118
2036204  171.181  -19.210 -123.632    -0.070    0.815    0.551  -1468.926   -2.163    0.118
2036224  171.531  -18.635 -123.699    -0.082    0.817    0.547  -1468.926   -2.163    0.118
2036244  171.883  -18.072 -123.785    -0.073    0.818    0.546  -1468.926   -2.163    0.118
2036264  172.234  -17.510 -123.904    -0.069    0.803    0.566  -1468.927   -2.164    0.120
2036284  172.552  -16.998 -123.987    -0.080    0.811    0.557  -1468.927   -2.164    0.120
2036304  172.851  -16.489 -124.064    -0.074    0.805    0.553  -1468.927   -2.164    0.120
2036324  173.123  -15.993 -124.081    -0.075    0.868    0.568  -1468.927   -2.164    0.120
2036344  173.385  -15.536 -124.142    -0.078    0.814    0.565  -1468.927   -2.164    0.120
2036364  173.631  -15.103 -124.222    -0.078    0.808    0.568  -1468.928   -2.161    0.107
2036384  173.897  -14.660 -124.317    -0.074    0.810    0.572  -1468.928   -2.161    0.107
2036404  174.139  -14.242 -124.344    -0.069    0.814    0.552  -1468.928   -2.161    0.107
2036424  174.377  -13.878 -124.398    -0.081    0.802    0.557  -1468.928   -2.161    0.107
2036444  174.603  -13.498 -124.448    -0.070    0.811    0.561  -1468.927   -2.166    0.142
2036464  174.803  -13.165 -124.506    -0.088    0.801    0.567  -1468.927   -2.166    0.142
2036484  174.990  -12.813 -124.443    -0.069    0.813    0.510  -1468.927   -2.166    0.142
2036504  175.201  -12.464 -124.593    -0.078    0.812    0.616  -1468.927   -2.166    0.142
2036524  175.410  -12.114 -124.640    -0.068    0.813    0.564  -1468.927   -2.166    0.142
2036544  175.593  -11.810 -124.694    -0.080    0.807    0.565  -1468.928   -2.163    0.109
2036564  175.764  -11.514 -125.086    -0.083    0.811    0.563  -1468.928   -2.163    0.109
2036584  175.927  -11.233 -125.056    -0.078    0.823    0.539  -1468.928   -2.163    0.109
2036604  176.083  -10.993 -125.063    -0.088    0.806    0.554  -1468.928   -2.163    0.109
2036624  176.248  -10.747 -125.119    -0.085    0.800    0.565  -1468.928   -2.163    0.109
2036644  176.386  -10.460 -125.103    -0.063    0.811    0.550  -1468.927   -2.155    0.128
2036664  176.529  -10.226 -125.088    -0.078    0.809    0.545  -1468.927   -2.155    0.128
2036684  176.684  -10.007 -125.119    -0.084    0.814    0.560  -1468.927   -2.155    0.128
2036704  176.824   -9.798 -125.131    -0.085    0.817    0.557  -1468.927   -2.155    0.128
2036724  176.948   -9.590 -125.144    -0.081    0.810    0.559  -1468.927   -2.155    0.128
2036744  177.070   -9.388 -125.142    -0.077    0.810    0.551  -1468.927   -2.162    0.139
2036764  177.192   -9.197 -125.166    -0.083    0.811    0.564  -1468.927   -2.162    0.139
2036784  177.290   -9.015 -125.171    -0.080    0.810    0.548  -1468.927   -2.162    0.139
2036804  177.415   -8.810 -125.194    -0.070    0.806    0.565  -1468.927   -2.162    0.139
2036824  177.515   -8.621 -125.222    -0.069    0.799    0.565  -1468.927   -2.162    0.139
2036844  177.617   -8.457 -124.844    -0.076    0.809    0.532  -1468.928   -2.162    0.123
2036864  177.724   -8.297 -124.809    -0.076    0.824    0.530  -1468.928   -2.162    0.123
2036884  177.813   -8.167 -124.804    -0.086    0.828    0.554  -1468.928   -2.162    0.123
2036904  177.904   -8.004 -124.783    -0.069    0.813    0.544  -1468.928   -2.162    0.123
2036924  177.984   -7.870 -124.804    -0.082    0.811    0.559  -1468.928   -2.162    0.123
2036944  178.070   -7.730 -124.805    -0.077    0.807    0.546  -1468.927   -2.156    0.116
2036964  178.158   -7.613 -124.832    -0.083    0.809    0.554  -1468.927   -2.156    0.116
2036984  178.226   -7.497 -124.768    -0.076    0.805    0.508  -1468.927   -2.156    0.116
2037004  178.304   -7.388 -124.781    -0.080    0.817    0.556  -1468.927   -2.156    0.116
2037024  178.356   -7.257 -124.805    -0.070    0.810    0.555  -1468.927   -2.156    0.116
2037044  178.419   -7.156 -124.790    -0.082    0.817    0.548  -1468.929   -2.163    0.126
2037064  178.480   -7.072 -124.893    -0.082    0.751    0.558  -1468.929   -2.163    0.126
2037084  178.544   -6.962 -124.945    -0.072    0.807    0.574  -1468.929   -2.163    0.126
2037104  178.608   -6.864 -124.969    -0.077    0.815    0.565  -1468.929   -2.163    0.126
2037124  178.660   -6.760 -125.002    -0.073    0.806    0.569  -1468.929   -2.163    0.126
2037144  178.696   -6.673 -124.999    -0.079    0.820    0.559  -1468.929   -2.159    0.102
2037164  178.736   -6.593 -125.028    -0.073    0.799    0.568  -1468.929   -2.159    0.102
2037184  178.782   -6.555 -125.026    -0.086    0.816    0.566  -1468.929   -2.159    0.102
2037204  178.825   -6.475 -125.001    -0.074    0.815    0.542  -1468.929   -2.159    0.102
2037224  178.868   -6.371 -125.022    -0.069    0.812    0.561  -1468.929   -2.159    0.102
2037244  178.905   -6.314 -124.999    -0.077    0.814    0.548  -1468.926   -2.165    0.147
2037264  178.963   -6.239 -125.005    -0.075    0.812    0.559  -1468.926   -2.165    0.147
2037284  178.999   -6.164 -125.004    -0.071    0.809    0.549  -1468.926   -2.165    0.147
2037304  179.046   -6.069 -125.059    -0.067    0.806    0.576  -1468.926   -2.165    0.147
2037324  179.082   -6.006 -125.074    -0.081    0.813    0.559  -1468.926   -2.165    0.147
2037344  179.096   -5.945 -124.745    -0.073    0.813    0.562  -1468.926   -2.165    0.126
2037364  179.126   -5.896 -124.773    -0.080    0.818    0.567  -1468.926   -2.165    0.126
2037384  179.159   -5.817 -124.780    -0.068    0.813    0.549  -1468.926   -2.165    0.126
2037404  179.192   -5.764 -124.813    -0.081    0.814    0.569  -1468.926   -2.165    0.126
2037424  179.231   -5.705 -124.833    -0.077    0.820    0.568  -1468.926   -2.165    0.126
2037444  179.274   -5.640 -124.839    -0.073    0.806    0.553  -1468.928   -2.158    0.131
2037464  179.316   -5.549 -124.883    -0.065    0.804    0.561  -1468.928   -2.158    0.131
2037484  179.368   -5.486 -124.939    -0.073    0.796    0.562  -1468.928   -2.158    0.131
2037504  179.396   -5.431 -124.859    -0.073    0.805    0.507  -1468.928   -2.158    0.131
2037524  179.435   -5.374 -124.886    -0.074    0.812    0.555  -1468.928   -2.158    0.131
2037544  179.434   -5.350 -124.883    -0.077    0.817    0.551  -1468.928   -2.162    0.145
2037564  179.459   -5.308 -124.877    -0.071    0.810    0.541  -1468.928   -2.162    0.145
2037584  179.490   -5.286 -124.874    -0.080    0.808    0.545  -1468.928   -2.162    0.145
2037604  179.517   -5.271 -125.245    -0.089    0.805    0.557  -1468.928   -2.162    0.145
2037624  179.534   -5.238 -125.234    -0.076    0.819    0.559  -1468.928   -2.162    0.145
2037644  179.573   -5.027 -125.245    -0.003    0.800    0.550  -1468.928   -2.160    0.138
2037664  179.594   -4.983 -125.258    -0.064    0.800    0.554  -1468.928   -2.160    0.138
2037684  179.622   -4.936 -125.278    -0.067    0.813    0.565  -1468.928   -2.160    0.138
2037704  179.632   -4.938 -125.234    -0.082    0.813    0.541  -1468.928   -2.160    0.138
2037724  179.668   -4.918 -125.223    -0.075    0.818    0.548  -1468.928   -2.160    0.138
2037744  179.696   -4.907 -125.312    -0.076    0.814    0.608  -1468.927   -2.148    0.143
2037764  179.710   -4.892 -125.418    -0.083    0.813    0.619  -1468.927   -2.148    0.143
2037784  179.726   -4.876 -125.401    -0.079    0.807    0.547  -1468.927   -2.148    0.143
2037804  179.727   -4.833 -125.307    -0.071    0.872    0.556  -1468.927   -2.148    0.143
2037824  179.753   -4.794 -125.673    -0.070    0.808    0.566  -1468.927   -2.148    0.143
2037844  179.757   -4.782 -125.285    -0.074    0.810    0.544  -1468.926   -2.166    0.133
2037864  179.765   -4.762 -125.268    -0.074    0.817    0.554  -1468.926   -2.166    0.133
2037884  179.770   -4.747 -125.267    -0.076    0.820    0.562  -1468.926   -2.166    0.133
2037905  179.787   -4.728 -125.288    -0.073    0.812    0.562  -1468.926   -2.166    0.133
2037924  179.796   -4.731 -125.306    -0.078    0.813    0.571  -1468.926   -2.166    0.133
2037944  179.790   -4.715 -125.270    -0.069    0.814    0.549  -1468.927   -2.158    0.127
2037964  179.810   -4.684 -125.314    -0.068    0.809    0.565  -1468.927   -2.158    0.127
2037984  179.841   -4.669 -125.319    -0.075    0.815    0.561  -1468.927   -2.158    0.127
2038004  179.864   -4.651 -125.334    -0.077    0.804    0.559  -1468.927   -2.158    0.127
2038024  179.884   -4.643 -125.450    -0.077    0.817    0.618  -1468.927   -2.158    0.127
2038044  179.885   -4.625 -125.438    -0.071    0.813    0.559  -1468.929   -2.163    0.156
2038064  179.881   -4.634 -125.439    -0.082    0.819    0.565  -1468.929   -2.163    0.156
2038084  179.879   -4.648 -125.159    -0.078    0.753    0.553  -1468.929   -2.163    0.156
2038104  179.870   -4.661 -125.196    -0.079    0.804    0.569  -1468.929   -2.163    0.156
2038124  179.870   -4.675 -125.186    -0.082    0.805    0.547  -1468.929   -2.163    0.156
2038144  179.878   -4.655 -125.220    -0.072    0.804    0.566  -1468.929   -2.162    0.137
2038164  179.890   -4.614 -125.237    -0.067    0.809    0.561  -1468.929   -2.162    0.137
2038184  179.908   -4.607 -125.245    -0.076    0.817    0.561  -1468.929   -2.162    0.137
2038204  179.917   -4.609 -125.273    -0.074    0.805    0.564  -1468.929   -2.162    0.137
2038224  179.940   -4.611 -125.251    -0.087    0.822    0.549  -1468.929   -2.162    0.137
2038244  179.933   -4.582 -125.246    -0.071    0.818    0.559  -1468.928   -2.166    0.119
2038264  179.922   -4.567 -125.135    -0.073    0.808    0.506  -1468.928   -2.166    0.119
2038284  179.917   -4.566 -125.126    -0.079    0.811    0.554  -1468.928   -2.166    0.119
2038304  179.925   -4.536 -125.139    -0.062    0.801    0.554  -1468.928   -2.166    0.119
2038324  179.917   -4.525 -125.132    -0.073    0.809    0.542  -1468.928   -2.166    0.119
2038344  179.925   -4.543 -124.791    -0.081    0.810    0.555  -1468.926   -2.162    0.122
2038364  179.926   -4.568 -124.468    -0.083    0.813    0.561  -1468.926   -2.162    0.122
2038384  179.904   -4.591 -124.485    -0.080    0.804    0.557  -1468.926   -2.162    0.122
2038404  179.912   -4.616 -124.496    -0.083    0.808    0.553  -1468.926   -2.162    0.122
2038424  179.905   -4.646 -124.510    -0.088    0.812    0.550  -1468.926   -2.162    0.122
2038444  179.899   -4.599 -124.546    -0.060    0.814    0.568  -1468.928   -2.159    0.139
2038464  179.885   -4.600 -124.564    -0.080    0.815    0.568  -1468.928   -2.159    0.139
2038484  179.876   -4.613 -124.589    -0.081    0.805    0.554  -1468.928   -2.159    0.139
2038504  179.870   -4.614 -124.640    -0.082    0.809    0.573  -1468.928   -2.159    0.139
2038524  179.885   -4.597 -124.649    -0.078    0.815    0.548  -1468.928   -2.151    0.133
2038544  179.884   -4.582 -124.665    -0.072    0.816    0.559  -1468.928   -2.151    0.133
2038564  179.880   -4.545 -124.573    -0.076    0.873    0.545  -1468.928   -2.151    0.133
2038584  179.876   -4.530 -124.595    -0.075    0.818    0.563  -1468.928   -2.151    0.133
2038604  179.865   -4.530 -124.598    -0.078    0.811    0.543  -1468.928   -2.151    0.133
2038624  179.861   -4.541 -124.605    -0.081    0.815    0.556  -1468.928   -2.154    0.140
2038644  179.852   -4.555 -124.601    -0.079    0.806    0.538  -1468.928   -2.154    0.140
2038664  179.850   -4.575 -124.625    -0.084    0.816    0.564  -1468.928   -2.154    0.140
2038684  179.853   -4.582 -124.678    -0.076    0.812    0.570  -1468.928   -2.154    0.140
2038704  179.874   -4.602 -124.642    -0.087    0.824    0.535  -1468.928   -2.154    0.140
2038724  179.883   -4.599 -124.648    -0.078    0.821    0.558  -1468.928   -2.161    0.138
2038744  179.891   -4.575 -124.670    -0.068    0.804    0.553  -1468.928   -2.161    0.138
2038764  179.900   -4.551 -124.589    -0.065    0.801    0.500  -1468.928   -2.161    0.138
2038784  179.910   -4.537 -124.631    -0.074    0.800    0.558  -1468.928   -2.161    0.138
2038804  179.931   -4.525 -124.638    -0.076    0.814    0.552  -1468.928   -2.161    0.138
2038824  179.925   -4.491 -124.671    -0.067    0.812    0.559  -1468.928   -2.157    0.130
2038844  179.927   -4.494 -124.663    -0.082    0.810    0.549  -1468.928   -2.157    0.130
2038864  179.928   -4.489 -124.660    -0.073    0.808    0.539  -1468.928   -2.157    0.130
2038884  179.943   -4.477 -124.698    -0.071    0.808    0.569  -1468.928   -2.157    0.130
2038904  179.926   -4.474 -124.678    -0.077    0.815    0.553  -1468.928   -2.157    0.130
2038924  179.935   -4.470 -124.678    -0.080    0.810    0.548  -1468.927   -2.166    0.109
2038944  179.945   -4.473 -124.699    -0.075    0.808    0.558  -1468.927   -2.166    0.109
2038964  179.964   -4.459 -124.774    -0.071    0.798    0.568  -1468.927   -2.166    0.109
2038984  179.955   -4.443 -124.801    -0.078    0.811    0.559  -1468.927   -2.166    0.109
2039004  179.941   -4.421 -124.815    -0.069    0.815    0.559  -1468.927   -2.166    0.109
2039024  179.933   -4.410 -124.825    -0.074    0.813    0.556  -1468.928   -2.160    0.104
2039044  179.933   -4.410 -124.826    -0.075    0.819    0.557  -1468.928   -2.160    0.104
2039064  179.939   -4.432 -124.819    -0.085    0.821    0.552  -1468.928   -2.160    0.104
2039084  179.936   -4.426 -124.716    -0.080    0.874    0.542  -1468.928   -2.160    0.104
2039104  179.928   -4.413 -124.351    -0.071    0.813    0.539  -1468.928   -2.160    0.104
2039124  179.951   -4.415 -124.728    -0.081    0.816    0.556  -1468.928   -2.166    0.132
2039144  179.956   -4.398 -124.819    -0.072    0.806    0.580  -1468.928   -2.166    0.132
2039164  179.940   -4.400 -124.815    -0.072    0.811    0.552  -1468.928   -2.166    0.132
2039184  179.946   -4.395 -124.832    -0.073    0.802    0.547  -1468.928   -2.166    0.132
2039204  179.957   -4.407 -124.862    -0.086    0.814    0.555  -1468.928   -2.166    0.132
2039224  179.948   -4.418 -124.886    -0.083    0.811    0.560  -1468.927   -2.165    0.135
2039244  179.932   -4.421 -124.917    -0.072    0.807    0.568  -1468.927   -2.165    0.135
2039264  179.925   -4.427 -124.924    -0.071    0.807    0.556  -1468.927   -2.165    0.135
2039284  179.929   -4.432 -124.851    -0.076    0.800    0.505  -1468.927   -2.165    0.135
2039304  179.924   -4.435 -124.867    -0.076    0.809    0.559  -1468.927   -2.165    0.135
2039324  179.918   -4.442 -124.920    -0.077    0.800    0.571  -1468.925   -2.157    0.107
2039344  179.925   -4.468 -125.028    -0.084    0.750    0.568  -1468.925   -2.157    0.107
2039364  179.920   -4.472 -124.663    -0.077    0.830    0.557  -1468.925   -2.157    0.107
2039384  179.927   -4.446 -125.023    -0.068    0.819    0.565  -1468.925   -2.157    0.107
2039404  179.930   -4.468 -124.984    -0.085    0.822    0.543  -1468.925   -2.157    0.107
2039424  179.926   -4.466 -124.976    -0.079    0.811    0.550  -1468.926   -2.152    0.146
2039444  179.922   -4.490 -124.981    -0.079    0.807    0.551  -1468.926   -2.152    0.146
2039464  179.925   -4.461 -125.001    -0.062    0.810    0.565  -1468.926   -2.152    0.146
2039484  179.934   -4.469 -124.997    -0.077    0.817    0.551  -1468.926   -2.152    0.146
2039504  179.937   -4.490 -124.997    -0.081    0.806    0.547  -1468.926   -2.152    0.146
2039524  179.959   -4.466 -125.029    -0.066    0.814    0.569  -1468.927   -2.156    0.146
2039544  179.966   -4.440 -125.003    -0.067    0.816    0.544  -1468.927   -2.156    0.146
2039564  179.963   -4.445 -125.006    -0.082    0.813    0.565  -1468.927   -2.156    0.146
2039584  179.951   -4.461 -125.086    -0.080    0.758    0.557  -1468.927   -2.156    0.146
2039604  179.955   -4.494 -125.099    -0.093    0.812    0.563  -1468.927   -2.156    0.146
2039624  179.932   -4.503 -124.782    -0.079    0.806    0.563  -1468.926   -2.153    0.141
2039644  179.931   -4.492 -124.826    -0.074    0.809    0.567  -1468.926   -2.153    0.141
2039664  179.932   -4.484 -124.832    -0.071    0.806    0.545  -1468.926   -2.153    0.141
2039684  179.947   -4.345 -124.849    -0.021    0.819    0.551  -1468.926   -2.153    0.141
2039704  179.960   -4.330 -124.857    -0.070    0.811    0.558  -1468.926   -2.153    0.141
2039724  179.962   -4.337 -124.870    -0.084    0.813    0.556  -1468.926   -2.162    0.114
2039744  179.959   -4.357 -124.881    -0.089    0.812    0.556  -1468.926   -2.162    0.114
2039764  179.964   -4.349 -124.800    -0.073    0.808    0.504  -1468.926   -2.162    0.114
2039784  179.963   -4.335 -124.867    -0.069    0.806    0.577  -1468.926   -2.162    0.114
2039804  179.984   -4.320 -124.930    -0.073    0.803    0.568  -1468.926   -2.162    0.114
2039824  179.968   -4.297 -124.994    -0.062    0.806    0.567  -1468.925   -2.154    0.128
2039844  179.959   -4.286 -124.991    -0.071    0.811    0.549  -1468.925   -2.154    0.128
2039864  179.949   -4.294 -124.658    -0.078    0.811    0.559  -1468.925   -2.154    0.128
2039884  179.946   -4.304 -124.700    -0.081    0.812    0.568  -1468.925   -2.154    0.128
2039904  179.942   -4.306 -124.730    -0.075    0.817    0.565  -1468.925   -2.154    0.128
2039924  179.949   -4.295 -124.784    -0.071    0.811    0.568  -1468.924   -2.157    0.145
2039944  179.934   -4.305 -124.791    -0.076    0.807    0.554  -1468.924   -2.157    0.145
2039964  179.947   -4.318 -124.850    -0.080    0.797    0.563  -1468.924   -2.157    0.145
2039984  179.961   -4.324 -124.916    -0.076    0.799    0.572  -1468.924   -2.157    0.145
2040004  179.961   -4.312 -124.943    -0.068    0.814    0.569  -1468.924   -2.157    0.145
2040024  179.948   -4.323 -124.921    -0.082    0.816    0.548  -1468.926   -2.151    0.113
2040044  179.932   -4.327 -124.909    -0.077    0.818    0.551  -1468.926   -2.151    0.113
2040064  179.931   -4.346 -124.900    -0.082    0.816    0.544  -1468.926   -2.151    0.113
2040084  179.920   -4.356 -124.894    -0.079    0.807    0.545  -1468.926   -2.151    0.113
2040104  179.955   -4.341 -124.899    -0.076    0.810    0.559  -1468.926   -2.151    0.113
2040124  179.981   -4.329 -124.934    -0.071    0.804    0.568  -1468.926   -2.158    0.123
2040144  179.980   -4.315 -124.988    -0.066    0.807    0.568  -1468.926   -2.158    0.123
2040164  179.982   -4.310 -125.019    -0.073    0.812    0.564  -1468.926   -2.158    0.123
2040184  179.986   -4.306 -125.040    -0.075    0.820    0.561  -1468.926   -2.158    0.123
2040204  179.985   -4.285 -125.030    -0.068    0.814    0.547  -1468.926   -2.158    0.123
2040224  179.978   -4.282 -125.000    -0.072    0.813    0.542  -1468.927   -2.147    0.134
2040244  179.974   -4.301 -124.938    -0.085    0.864    0.558  -1468.927   -2.147    0.134
2040264  179.978   -4.411 -124.857    -0.105    0.779    0.517  -1468.927   -2.147    0.134
2040284    0.000 -175.667   54.993    -0.051    0.779    0.597  -1468.927   -2.147    0.134
2040304    0.014 -175.630   54.931    -0.080    0.770    0.551  -1468.927   -2.147    0.134
2040324    0.024 -175.656   54.868    -0.066    0.806    0.586  -1468.928   -2.165    0.105
2040344    0.036 -175.649   54.848    -0.074    0.799    0.554  -1468.928   -2.165    0.105
2040364    0.025 -175.672   54.462    -0.067    0.810    0.574  -1468.928   -2.165    0.105
2040384    0.016 -175.645   54.182    -0.087    0.825    0.534  -1468.928   -2.165    0.105
2040404    0.010 -175.625   54.199    -0.081    0.800    0.554  -1468.928   -2.165    0.105
2040424    0.003 -175.635   54.214    -0.067    0.808    0.562  -1468.927   -2.145    0.111
2040444    0.002 -175.657   54.196    -0.067    0.806    0.568  -1468.927   -2.145    0.111
2040464    0.018 -175.652   54.195    -0.082    0.808    0.559  -1468.927   -2.145    0.111
2040484    0.020 -175.658   54.210    -0.071    0.809    0.556  -1468.927   -2.145    0.111
2040504    0.025 -175.654   54.222    -0.079    0.804    0.557  -1468.927   -2.145    0.111
2040524    0.048 -175.643   54.242    -0.079    0.805    0.551  -1468.927   -2.138    0.130
2040544    0.052 -175.645   54.263    -0.079    0.812    0.554  -1468.927   -2.138    0.130
2040564    0.039 -175.645   54.198    -0.083    0.816    0.607  -1468.927   -2.138    0.130
2040584    0.046 -175.665   54.240    -0.073    0.811    0.560  -1468.927   -2.138    0.130
2040604    0.035 -175.700   54.289    -0.066    0.868    0.580  -1468.927   -2.155    0.101
2040624    0.028 -175.710   53.962    -0.071    0.804    0.546  -1468.927   -2.155    0.101
2040644    0.015 -175.704   54.359    -0.074    0.816    0.549  -1468.927   -2.155    0.101
2040664    0.005 -175.700   54.364    -0.076    0.799    0.558  -1468.927   -2.155    0.101
2040684    0.017 -175.677   54.396    -0.083    0.818    0.547  -1468.927   -2.155    0.101
2040704    0.014 -175.681   54.427    -0.069    0.808    0.551  -1468.928   -2.155    0.116
2040724    0.029 -175.711   54.447    -0.065    0.809    0.544  -1468.928   -2.155    0.116
2040744    0.017 -175.681   54.453    -0.081    0.801    0.566  -1468.928   -2.155    0.116
2040764    0.029 -175.671   54.415    -0.083    0.797    0.567  -1468.928   -2.155    0.116
2040784    0.035 -175.649   54.384    -0.083    0.805    0.567  -1468.928   -2.155    0.116
2040804    0.038 -175.655   54.367    -0.074    0.815    0.569  -1468.927   -2.147    0.104
2040824    0.047 -175.646   54.277    -0.085    0.815    0.614  -1468.927   -2.147    0.104
2040844    0.038 -175.633   54.324    -0.079    0.821    0.549  -1468.927   -2.147    0.104
2040864    0.033 -175.643   54.240    -0.071    0.753    0.573  -1468.927   -2.147    0.104
2040884    0.027 -175.653   54.269    -0.069    0.812    0.556  -1468.927   -2.147    0.104
2040904    0.017 -175.658   54.304    -0.069    0.809    0.547  -1468.927   -2.151    0.108
2040924    0.021 -175.645   54.303    -0.077    0.801    0.559  -1468.927   -2.151    0.108
2040944    0.018 -175.662   54.294    -0.068    0.815    0.573  -1468.927   -2.151    0.108
2040964    0.010 -175.682   54.294    -0.066    0.807    0.571  -1468.927   -2.151    0.108
2040984    0.005 -175.673   54.340    -0.076    0.811    0.544  -1468.927   -2.151    0.108
2041004  179.997   -4.316 -125.690    -0.068    0.796    0.575  -1468.927   -2.160    0.093
2041024  179.996   -4.311 -125.654    -0.071    0.812    0.550  -1468.927   -2.160    0.093
2041044  179.995   -4.305 -125.623    -0.072    0.819    0.549  -1468.927   -2.160    0.093
2041064  179.995   -4.327 -125.604    -0.080    0.812    0.562  -1468.927   -2.160    0.093
2041084    0.005 -175.677   54.457    -0.069    0.817    0.537  -1468.927   -2.160    0.093
2041104    0.018 -175.706   54.468    -0.064    0.804    0.559  -1468.926   -2.154    0.112
2041124    0.016 -175.690   54.456    -0.082    0.807    0.569  -1468.926   -2.154    0.112
2041144    0.016 -175.696   54.471    -0.073    0.801    0.548  -1468.926   -2.154    0.112
2041164    0.015 -175.700   54.449    -0.075    0.807    0.567  -1468.926   -2.154    0.112
2041184    0.019 -175.707   54.457    -0.077    0.813    0.553  -1468.926   -2.154    0.112
2041204    0.019 -175.695   54.487    -0.084    0.815    0.552  -1468.928   -2.165    0.119
2041224    0.021 -175.676   54.500    -0.081    0.813    0.560  -1468.928   -2.165    0.119
2041244    0.028 -175.679   54.474    -0.076    0.802    0.569  -1468.928   -2.165    0.119
